time,x,y,z,phi,theta,psi,x_velocity,y_velocity,z_velocity,phi_velocity,theta_velocity,psi_velocity,rotor_speed1,rotor_speed2,rotor_speed3,rotor_speed4
0.06,-5.06289410272e-09,-7.51106847155e-09,0.0699606403758,6.28318297872,1.55935405655e-06,0.0,-5.05632872407e-07,-7.52575493637e-07,2.33038025028,-0.000116549262879,7.79257675857e-05,0.0,899.996746927,899.999899795,900.002393224,899.997677662
0.12000000000000001,-2.47934755717e-07,-3.71905268397e-07,0.279078070821,6.28317453789,6.84592609446e-06,0.0,-9.7036537995e-06,-1.46686278736e-05,4.63391055472,-0.000188994719008,0.000108472693149,0.0,899.998299402,899.999533603,900.000660505,899.997731864
0.18,-1.51848084721e-06,-2.35362789114e-06,0.624818566225,6.28316182296,1.39182950463e-05,0.0,-3.54023068777e-05,-5.62817208556e-05,6.88013951471,-0.000257804067149,0.000136669588105,0.0,899.998414373,899.999552857,900.000521742,899.997741705
0.23999999999999996,-4.92258157945e-06,-7.91848428141e-06,1.10289939144,6.28314463649,2.24536903772e-05,0.0,-8.12346861121e-05,-0.000135445746316,9.04143552159,-0.000343786524416,0.000153430138751,0.0,899.999005958,899.99968105,900.000743466,899.997269846
0.3,-1.17249151373e-05,-1.95911393861e-05,1.70749831819,6.28312378123,3.26287005912e-05,0.0,-0.000148849787034,-0.000260921494324,11.0942770024,-0.000355192322697,0.000201876144543,0.0,899.999518568,900.001475675,899.997868506,899.997414878
0.36000000000000004,-2.33024486743e-05,-4.02192620528e-05,2.43152877744,6.28310272881,4.39072289202e-05,0.0,-0.000240696232524,-0.000433205177609,13.0201369946,-0.000342236438326,0.000160154905075,0.0,900.002085953,900.000392612,899.99704712,899.997579755
0.4200000000000001,-4.10240622673e-05,-7.24150817941e-05,3.26695378194,6.28308238193,5.28513360969e-05,0.0,-0.000352277930096,-0.000645258895873,14.8058888396,-0.000332870862612,0.000126882517301,0.0,900.001118545,899.999768048,899.997414685,899.997801735
0.48000000000000015,-6.58166831546e-05,-0.000118319029959,4.2051111818,6.28306240959,5.92847513108e-05,0.0,-0.00047523201607,-0.000889023537015,16.443785497,-0.000332874935038,6.78698601888e-05,0.0,900.001912121,899.999520384,899.997772169,899.997779753
0.5400000000000001,-9.81054790498e-05,-0.00017962353081,5.23702531127,6.28304281864,6.18772105945e-05,0.0,-0.000600738661272,-0.00115765449157,17.9310410235,-0.000313798800748,-6.17114877171e-06,0.0,900.001219674,899.998220828,899.997019627,899.997799606
0.6000000000000002,-0.000137762133306,-0.000257611264111,6.35368616236,6.28302421244,6.10891233261e-05,0.0,-0.00071963952311,-0.00144403683232,19.2691832934,-0.000302712041622,-2.70681919172e-05,0.0,900.00030523,899.999459403,899.99751717,899.997973312
0.6600000000000003,-0.000184230628753,-0.000353149348732,7.54628362969,6.28300509425,5.98978185655e-05,0.0,-0.000827674923481,-0.00174200187501,20.4632209388,-0.000350510335504,-5.43015967767e-06,0.0,900.000343962,900.001220603,899.999178687,899.997250647
0.7200000000000003,-0.000236881884688,-0.000466867146782,8.80639037631,6.28298307646,5.98631394135e-05,0.0,-0.000926152577237,-0.00205017618515,21.5207777508,-0.000399894658915,9.1263598459e-06,0.0,900.000784894,900.001374357,899.998693822,899.996702605
0.7800000000000004,-0.000295217406977,-0.000599404141413,10.1260942135,6.28295909283,6.11354177869e-05,0.0,-0.00101748275582,-0.00236932571296,22.4512852298,-0.000399392588345,4.5354683533e-05,0.0,900.000798609,900.002265183,899.997704604,899.997734247
0.8400000000000004,-0.000358891942646,-0.000751378751611,11.4980838699,6.28293515909,6.51844830735e-05,0.0,-0.00110468044811,-0.00269761704808,23.2652429455,-0.000397901471114,0.000111715340984,0.0,899.999750633,900.002436413,899.998743374,899.998813055
0.9000000000000005,-0.000427787064593,-0.000923252207741,12.9156942839,6.28291021487,7.27646341945e-05,0.0,-0.001192194356,-0.00303236011217,23.973611437,-0.000451438341856,0.000155566252205,0.0,899.999976413,900.001749297,900.000302005,899.998143584
0.9600000000000005,-0.000502033822012,-0.0011154051118,14.3729195824,6.28288315983,8.20066294605e-05,0.0,-0.00128334916818,-0.00337380324157,24.5873421122,-0.000449875143661,0.000150966518157,0.0,900.000454941,900.000265048,900.000772478,900.000846286
1.0200000000000005,-0.000581870314489,-0.00132824274189,15.8644009974,6.28285601439,9.09395313489e-05,0.0,-0.00137836374182,-0.00372163156746,25.1170107031,-0.000457523172887,0.000144710957851,0.0,899.999414507,899.99915767,900.000320447,900.000021246
1.0800000000000005,-0.000667498297168,-0.00156211751469,17.3853974808,6.28282733449,9.91277090909e-05,0.0,-0.00147624486461,-0.00407506003357,25.5726035645,-0.00051898764447,0.000119978786066,0.0,899.999372104,899.998367254,900.001701072,899.999222906
1.1400000000000006,-0.000759051024954,-0.00181740531375,18.9317449047,6.28279479321,0.000106411403118,0.0,-0.00157565359289,-0.00443585175213,25.9633489744,-0.000589138610249,0.000124227514416,0.0,899.999231022,899.999400247,900.001424669,899.998596143
1.2000000000000006,-0.000856601087211,-0.00209464136128,20.4998080198,6.28275894438,0.000115688269524,0.0,-0.00167630961131,-0.00480708877083,26.2976411914,-0.00061417260752,0.000215330589208,0.0,899.997552663,900.001238786,899.999016335,899.998016312
1.2600000000000007,-0.000960301374552,-0.00239451180231,22.0864300142,6.28272150968,0.000131400385365,0.0,-0.00178141080228,-0.00519045383077,26.5830335055,-0.000643400212496,0.000354800026849,0.0,899.996977582,900.002620138,899.999183097,899.998013823
1.3200000000000007,-0.00107058852529,-0.00271777302828,23.688881911,6.28268253426,0.00015575835791,0.0,-0.00189683600212,-0.00558694244503,26.8262384329,-0.000661975991141,0.000508121846162,0.0,899.997309239,900.003509542,899.999514118,899.998776839
1.3800000000000008,-0.00118827553335,-0.00306524112712,25.3048132285,6.28264247886,0.000188644539143,0.0,-0.00202897328432,-0.00599746605865,27.0331676266,-0.000678822307736,0.000627960608071,0.0,899.997717207,900.002558156,899.99967794,899.999011115
1.4400000000000008,-0.00131452623737,-0.00343778293677,26.9322059675,6.282601024,0.000229182940406,0.0,-0.00218295611751,-0.00642288279944,27.2090012355,-0.000715114122985,0.000770846420942,0.0,899.998028157,900.003799667,899.999833908,899.998380026
1.5000000000000009,-0.0014507936055,-0.00383633239642,28.5693323737,6.28255730838,0.000278509221586,0.0,-0.00236362506127,-0.00686466091011,27.3582439967,-0.000755571146655,0.00092444355169,0.0,899.999094173,900.005296206,899.999003395,899.997381662
1.560000000000001,-0.00159883577498,-0.00426192807321,30.2147166009,6.28251158258,0.00033742440428,0.0,-0.00257625509851,-0.00732469657693,27.4847981401,-0.000775153618944,0.00109664601182,0.0,899.999465825,900.006417834,899.998720432,899.997944929
1.620000000000001,-0.00176073878516,-0.00471571134993,31.8671002347,6.2824650312,0.000405734321103,0.0,-0.0028264808092,-0.0078043959936,27.5920191525,-0.000777261647237,0.00122208795654,0.0,899.998972786,900.004027397,899.998305357,899.998237928
1.680000000000001,-0.00193890457017,-0.00519888542032,33.525412056,6.28241830168,0.00048067330386,0.0,-0.00311888230682,-0.00830446028551,27.6828002915,-0.000781953649626,0.00130272880851,0.0,899.999425594,900.002663194,899.998226853,899.998054833
1.740000000000001,-0.00213595416274,-0.00571268817937,35.1887418189,6.28237144758,0.000560178274218,0.0,-0.00345625314826,-0.00882543601004,27.7596224464,-0.000778797192845,0.00136976155859,0.0,900.000233223,900.002917975,899.998617689,899.998763602
1.8000000000000012,-0.00235464534503,-0.00625838846557,36.8563166419,6.28232445923,0.000644273172733,0.0,-0.00384056501285,-0.00936777707523,27.8245915355,-0.000791826276825,0.00146515746598,0.0,899.999341515,900.003173377,899.997395595,899.996885994
1.8600000000000012,-0.00259786751421,-0.00683728818973,38.5274809963,6.28227686216,0.000734175055172,0.0,-0.00427440812511,-0.00993222043741,27.8795197546,-0.000796202002058,0.00156470854755,0.0,899.99973799,900.003736026,899.997175958,899.997017076
1.9200000000000013,-0.00286868731954,-0.00745073763606,40.2016796315,6.28222896736,0.00083006027286,0.0,-0.00476097395555,-0.0105195294708,27.9259436989,-0.000802336607681,0.00166477230236,0.0,899.999082497,900.003099125,899.998581442,899.998351433
1.9800000000000013,-0.00317036845788,-0.00810012882629,41.8784423626,6.2821801996,0.000932860298232,0.0,-0.00530366208577,-0.0111304028189,27.9651675988,-0.000833727154307,0.00181029747363,0.0,899.998300878,900.004156335,899.999297997,899.998045369
2.0400000000000014,-0.00350640491386,-0.00878691034061,43.5573711623,6.28212910504,0.00104278385143,0.0,-0.00590683658959,-0.0117661301564,27.9982970931,-0.000887304155369,0.00187555493616,0.0,900.000076513,900.002678303,899.998985162,899.996834784
2.1000000000000014,-0.00388053443164,-0.00951263324721,45.2381293736,6.28207488489,0.00115628213637,0.0,-0.00657373863078,-0.0124287952314,28.026276018,-0.000936425589313,0.00192379067113,0.0,900.001058759,900.002969831,899.998650234,899.996681497
2.1600000000000015,-0.00429663696814,-0.0102789815514,46.9204321202,6.28201719559,0.00127256899535,0.0,-0.00730617430624,-0.013120651106,28.0498903323,-0.001011670361,0.00196675127954,0.0,899.999137739,900.000834157,899.998079198,899.995053673
2.2200000000000015,-0.00475869268593,-0.0110877845049,48.6040387101,6.28195633584,0.00139274685573,0.0,-0.0081057937025,-0.0138443407327,28.0698291852,-0.00101964784531,0.00207530498644,0.0,899.997641042,900.001992816,899.997906019,899.997606246
2.2800000000000016,-0.00527081403507,-0.0119410053378,50.288746053,6.28189537605,0.00151867190002,0.0,-0.00897557796749,-0.0146013117846,28.0866597889,-0.00100869371088,0.0021456092562,0.0,899.998234744,900.001035243,899.997659622,899.998126684
2.3400000000000016,-0.00583730893857,-0.0128406473273,51.9743826553,6.28183470031,0.00164965648849,0.0,-0.00991866350596,-0.0153917070535,28.1008700719,-0.00101640117586,0.00225791884934,0.0,899.998217912,900.002717979,899.998744743,899.998455838
2.4000000000000017,-0.00646267492537,-0.0137887207599,53.660803679,6.28177444108,0.0017863899672,0.0,-0.0109385114587,-0.016215729877,28.1128627303,-0.000980165218138,0.00232081054923,0.0,899.999565986,900.002062432,899.997424999,899.998915803
2.4600000000000017,-0.00715161482193,-0.0147872351733,55.3478866161,6.281715043,0.00192852817275,0.0,-0.0120382117593,-0.0170729704344,28.122980858,-0.00100958448976,0.00246513222064,0.0,899.997859644,900.003652391,899.997997315,899.996828525
2.520000000000002,-0.0079090345497,-0.0158381864992,57.0355280943,6.281654552,0.00207923072923,0.0,-0.0132219491149,-0.0179637837184,28.1315203862,-0.00100538093303,0.00260471696933,0.0,899.997626101,900.003224003,899.998062729,899.998256193
2.580000000000002,-0.00874013188285,-0.016943609107,58.7236409532,6.28159307045,0.00223848130577,0.0,-0.0144948943433,-0.0188887393572,28.1387270256,-0.00106335083923,0.00275292864612,0.0,899.997479263,900.003423629,899.999549585,899.997225173
2.640000000000002,-0.00965041598529,-0.018105586742,60.4121515746,6.28152700752,0.00240556307336,0.0,-0.0158622609315,-0.0198493314574,28.1448074396,-0.00117656556269,0.00284816623386,0.0,899.998143827,900.001939868,900.000892327,899.996332014
2.700000000000002,-0.0106456856278,-0.0193263549671,62.1009978899,6.28145356026,0.00257864509014,0.0,-0.0173282763284,-0.0208490717306,28.149940638,-0.00131941890008,0.00295768070202,0.0,899.997656853,900.002029111,900.002535472,899.99677744
2.760000000000002,-0.0117319725912,-0.0206084029573,63.7901274058,6.28137254176,0.0027593598461,0.0,-0.0188968128052,-0.0218927191557,28.1542677382,-0.00141217038443,0.00312017445052,0.0,899.995680505,900.002196028,900.001037561,899.997311626
2.820000000000002,-0.0129155769163,-0.0219544950545,65.4794958531,6.28128535241,0.00294840029947,0.0,-0.0205729997633,-0.0229844063017,28.1579219553,-0.00153526758144,0.00321161419676,0.0,899.997078506,900.000713281,900.002663711,899.997710939
2.880000000000002,-0.0142030950463,-0.0233676314768,67.1690660325,6.28119143898,0.00314175133456,0.0,-0.0223610514907,-0.0241281632572,28.1610064794,-0.00162521466918,0.00324431804915,0.0,899.998844044,900.000098358,900.001734676,899.998127055
2.940000000000002,-0.015601307005,-0.0248510528438,68.8588064585,6.28109141826,0.00333635729443,0.0,-0.0242629485475,-0.0253277543527,28.1636089711,-0.00175075302646,0.00324166154449,0.0,899.999514367,899.999336041,900.002366231,899.997319258
3.000000000000002,-0.0171170626681,-0.0264082268355,70.5486905053,6.28098344654,0.00353206304783,0.0,-0.0262792288167,-0.0265872740312,28.1658040953,-0.00189727606525,0.0033019409242,0.0,899.998658891,900.001029325,900.002016902,899.996122843
3.0600000000000023,-0.018757258985,-0.0280428953176,72.2386956168,6.28086806598,0.00373201830872,0.0,-0.0284113297111,-0.0279116243179,28.1676531709,-0.00197453469874,0.00339382090345,0.0,899.997116335,900.000765293,900.000389442,899.997303499
3.1200000000000023,-0.0205289302329,-0.0297590693885,73.9288029273,6.28074794463,0.00393742117047,0.0,-0.0306622212024,-0.029304545972,28.1692178907,-0.00205706490772,0.00348244548055,0.0,899.997801043,900.001316337,900.001219541,899.997921777
3.1800000000000024,-0.0224393013689,-0.0315609497271,75.6189966218,6.28062290488,0.00414670494983,0.0,-0.0330350756099,-0.0307689400333,28.170538776,-0.00213792141206,0.00349929746924,0.0,899.998303504,899.99891047,900.002192569,899.99896435
3.2400000000000024,-0.0244957483141,-0.0334529134147,77.30926324,6.28049259859,0.00435708745759,0.0,-0.0355315173122,-0.0323077745819,28.1716538527,-0.00223956977194,0.00352052899519,0.0,899.998746197,899.999530187,900.002114344,899.998045845
3.3000000000000025,-0.0267057086435,-0.0354395256079,78.9995914446,6.28035622118,0.00456867263757,0.0,-0.0381523061159,-0.0339244300818,28.1725960048,-0.00233982642852,0.0035382003204,0.0,899.998883976,899.99952337,900.002298298,899.998288309
3.3600000000000025,-0.0290766657586,-0.0375255634163,80.6899717147,6.28021535648,0.00478129894496,0.0,-0.0408981769298,-0.0356224279192,28.1733930075,-0.00236358922291,0.00355491420919,0.0,900.000211339,900.00081161,899.999979959,899.999069816
3.4200000000000026,-0.0316161438501,-0.039715973875,82.3803960274,6.28007326107,0.00499410127077,0.0,-0.0437697303636,-0.0374036394481,28.1740671687,-0.00237759553113,0.00353028015018,0.0,900.001568767,900.000494242,899.99970636,899.99919182
3.4800000000000026,-0.0343316798473,-0.0420157697708,84.0708574022,6.2799308739,0.00520584962525,0.0,-0.0467666677357,-0.0392686631157,28.1746311563,-0.00236416734676,0.00352685695527,0.0,900.000405844,900.00019078,899.998243303,899.998840061
3.5400000000000027,-0.0372307837704,-0.0444299813678,85.7613499249,6.27978921927,0.00541729593525,0.0,-0.0498886430423,-0.041217431952,28.1751076052,-0.0023543966967,0.00351860012728,0.0,900.00056713,900.000156386,899.998431592,899.998879951
3.6000000000000028,-0.0403209527458,-0.0469636220436,87.4518688921,6.27964827421,0.00562769173748,0.0,-0.0531354372691,-0.0432495780567,28.1755143637,-0.00233845984257,0.00348257513578,0.0,900.001878501,900.000343396,899.999153397,899.999851261
3.660000000000003,-0.0436096525405,-0.0496216810171,89.1424102333,6.27950735774,0.00583788682142,0.0,-0.056506235252,-0.0453646678757,28.1758550329,-0.0023689149941,0.00354457861252,0.0,899.999640791,900.002076249,899.999635667,899.998454478
3.720000000000003,-0.0471043394652,-0.0524091442302,90.8329704559,6.27936434354,0.00605188189774,0.0,-0.0600020088493,-0.0475632270236,28.1761449932,-0.00241290118833,0.00361056743489,0.0,900.00043809,900.003033717,900.000028837,899.998300326
3.780000000000003,-0.0508125803208,-0.0553310592317,92.5235465751,6.27921885578,0.00627031679345,0.0,-0.0636250725075,-0.0498466207737,28.1763861234,-0.00244860012663,0.00370055212412,0.0,899.999101426,900.002667518,899.999791103,899.998399119
3.840000000000003,-0.0547420973936,-0.058392559374,94.2141360159,6.27907132852,0.00649398780598,0.0,-0.0673783534101,-0.0522162500345,28.1765899535,-0.00247917427769,0.00378239932024,0.0,899.998918244,900.002153032,900.000439723,899.999256024
3.900000000000003,-0.0589007953914,-0.0615988543925,95.9047367292,6.27892202786,0.00672146672553,0.0,-0.0712648218453,-0.0546732760151,28.1767626279,-0.00250669355273,0.00380914423104,0.0,900.000343155,900.001344868,900.000636911,899.999577563
3.960000000000003,-0.063296722154,-0.0649552180044,97.5953468861,6.27877227908,0.00694970266244,0.0,-0.0752860824656,-0.057218629425,28.1769054473,-0.00247405750553,0.00379350467692,0.0,900.000857781,900.000142528,899.999246332,900.000623645
4.020000000000002,-0.0679379713033,-0.0684669474214,99.2859649096,6.27862410349,0.00717716729111,0.0,-0.0794421568496,-0.0598519808151,28.1770253645,-0.00246066402967,0.00378622086034,0.0,899.999940847,899.99956428,900.000717588,900.001314959
4.080000000000001,-0.0728326188728,-0.0721392985768,100.976589555,6.27847609944,0.00740381540564,0.0,-0.0837326380071,-0.0625726440054,28.177126578,-0.00247887922158,0.00375995545108,0.0,900.000666746,899.999521623,900.001667772,900.000984822
4.14,-0.0779887099416,-0.0759775125156,102.667219801,6.27832768873,0.00762784071603,0.0,-0.0881567504912,-0.0653808054102,28.1772123903,-0.00246277747824,0.00368129463196,0.0,900.001503923,899.998237451,900.002093621,900.002800767
4.199999999999998,-0.0834142037502,-0.0799868389951,104.357854624,6.27818036179,0.0078474278966,0.0,-0.0927123200005,-0.0682763045299,28.1772795621,-0.00244079347438,0.003616728082,0.0,900.000791825,899.998097666,900.001599565,900.002544586
4.259999999999997,-0.0891169112455,-0.0841724984851,106.048493072,6.27803386645,0.00806407408823,0.0,-0.0973969001652,-0.071258476564,28.1773334331,-0.00244318083784,0.00359884882623,0.0,899.999960377,899.999158183,900.002121214,900.002078821
4.319999999999996,-0.0951045285424,-0.0885396802214,107.73913439,6.27788804718,0.00828044892932,0.0,-0.102209249073,-0.0743270212174,28.1773754914,-0.0024046097025,0.0036210426903,0.0,899.999508026,900.000329025,900.001028932,900.002645265
4.379999999999995,-0.101384724177,-0.0930935473101,109.429777996,6.27774418523,0.00849833458245,0.0,-0.107149631929,-0.0774811316929,28.1774098042,-0.00238387927802,0.0036521925444,0.0,900.000039757,900.001223011,900.001640247,900.002533285
4.439999999999993,-0.10796520737,-0.0978391997058,111.120423224,6.27760275755,0.0087201972241,0.0,-0.112219089281,-0.0807197015989,28.1774298776,-0.00230366970237,0.00378860655674,0.0,899.996896431,900.002341964,900.000041983,900.003343283
4.499999999999992,-0.114853815521,-0.102781650962,112.811069574,6.27746763768,0.00895061931651,0.0,-0.117421199987,-0.0840406013723,28.1774471811,-0.00214883590272,0.00394370754802,0.0,899.997680723,900.003880359,899.999110303,900.005431925
4.559999999999991,-0.122058659984,-0.107925712346,114.501716553,6.27734161199,0.0091890995369,0.0,-0.122761064934,-0.087439228394,28.1774511211,-0.00200377109105,0.00403653392379,0.0,899.997016808,900.000691512,899.999519671,900.0054424
4.6199999999999894,-0.129588140635,-0.113275887897,116.192363598,6.27722433672,0.00943430192992,0.0,-0.128242945048,-0.0909103028324,28.1774494339,-0.00185638486186,0.00418687922259,0.0,899.995825937,900.001828217,899.999781753,900.00579539
4.679999999999988,-0.137450907338,-0.118836367429,117.883010375,6.27711602052,0.00968685629168,0.0,-0.133871319558,-0.0944485752323,28.1774422384,-0.00170321802279,0.00425392916908,0.0,899.998403213,900.001029388,899.998968891,900.005213452
4.739999999999987,-0.145655863611,-0.124611020866,119.57365645,6.27701695937,0.00994307829308,0.0,-0.139649598758,-0.0980486196445,28.1774261642,-0.00154680663907,0.00430322660132,0.0,899.99823405,900.000140027,899.998421965,900.004794599
4.799999999999986,-0.154212065017,-0.130603389144,121.264301337,6.2769267596,0.0102019945054,0.0,-0.145579734337,-0.101704932247,28.1774027501,-0.0014165007267,0.0043393502801,0.0,899.997344277,899.998715822,899.999339705,900.004651747
4.859999999999984,-0.163128668114,-0.136816696451,122.954944686,6.27684285692,0.010462998523,0.0,-0.151663169363,-0.105412631636,28.1773749009,-0.00136215066446,0.00437149503438,0.0,899.998087977,899.999297703,900.000218862,900.002452121
4.919999999999983,-0.172414907528,-0.143253928479,124.645586347,6.27676195546,0.0107263911313,0.0,-0.157901127517,-0.109168812793,28.1773463983,-0.00132078096043,0.00442662070988,0.0,899.99809434,900.000234126,900.001217233,900.002923636
4.979999999999982,-0.182080099485,-0.149917942184,126.33622623,6.27668415574,0.0109927812008,0.0,-0.164295191861,-0.112971774353,28.1773156069,-0.00124845882821,0.00446625304278,0.0,899.998684547,900.000195858,900.00114871,900.004107648
5.0399999999999805,-0.192133656659,-0.156811482242,128.026863965,6.27661001774,0.0112609271567,0.0,-0.170846810805,-0.116819339849,28.1772749139,-0.00120999007079,0.00447479198059,0.0,899.998720604,899.998971973,900.000867275,900.002453682
5.099999999999979,-0.202585060039,-0.163937167854,129.717499279,6.27653836153,0.0115298579171,0.0,-0.177556779426,-0.120709748046,28.1772348083,-0.00116284287138,0.00449695224304,0.0,899.999708867,900.000511703,900.000995122,900.002932116
5.159999999999978,-0.213443821505,-0.171297520686,131.408131857,6.27647073097,0.0118002149475,0.0,-0.184425528426,-0.124641280317,28.177183893,-0.00105592481864,0.00452394372584,0.0,899.998351381,899.999349456,899.999148559,900.003504986
5.219999999999977,-0.224719495124,-0.178894927398,133.098761248,6.27640866852,0.0120727147526,0.0,-0.191454008929,-0.128611017899,28.1771285473,-0.000991299652696,0.00457708470642,0.0,899.997991544,900.000048101,899.999696525,900.002337865
5.279999999999975,-0.236421706944,-0.186731589351,134.789387235,6.27635068407,0.0123484538946,0.0,-0.198643744083,-0.132616106207,28.1770704,-0.000916660210624,0.00463276752654,0.0,899.997681159,899.999839665,900.00014595,900.003191374
5.339999999999974,-0.248560188004,-0.19480955248,136.480009526,6.27629730019,0.0126282231394,0.0,-0.205996635428,-0.136653993369,28.1770053945,-0.000835917807939,0.00472286868792,0.0,899.997156217,900.000707545,899.999006719,900.002297608
5.399999999999973,-0.26114480735,-0.203130704042,138.170627886,6.27624759786,0.0129141558959,0.0,-0.213515523661,-0.140722014236,28.1769392784,-0.000813282523433,0.00485077702048,0.0,899.99679269,900.001873447,900.000688903,900.001624859
5.4599999999999715,-0.274185639988,-0.211696797564,139.861242148,6.27619842302,0.0132084509785,0.0,-0.221204447904,-0.144818644743,28.1768688134,-0.00083218201744,0.00501299703791,0.0,899.99683169,900.003299635,900.000811082,900.000064534
5.51999999999997,-0.287693041181,-0.220509547709,141.551851935,6.27614784287,0.0135121813945,0.0,-0.229068651502,-0.148944016103,28.1767901857,-0.000864656243912,0.0051603603708,0.0,899.996227872,900.002091218,900.000755718,899.999459876
5.579999999999969,-0.301677695585,-0.22957070909,143.242456983,6.27609435115,0.0138246569342,0.0,-0.237113658231,-0.153099234026,28.1767107689,-0.000945337742887,0.00530290094686,0.0,899.996750662,900.002416042,900.002283954,899.999036646
5.639999999999968,-0.316150602063,-0.238882132071,144.933057013,6.27603579442,0.0141449004525,0.0,-0.245344436085,-0.157286506609,28.1766230225,-0.00103724319419,0.00540629501907,0.0,899.996862921,900.000940418,900.001910394,899.998210378
5.699999999999966,-0.331123040653,-0.248445834334,146.623651856,6.2759722938,0.0144696699184,0.0,-0.253765191746,-0.161509002477,28.1765376254,-0.00110058580511,0.00542588196258,0.0,899.999634177,900.000315843,900.002295739,899.999754472
5.759999999999965,-0.346606469214,-0.25826401051,148.314241389,6.27590465774,0.014794602774,0.0,-0.262377482792,-0.165769319768,28.1764460692,-0.00118069467426,0.0053948678249,0.0,900.000516404,899.999148498,900.00246183,899.999243013
5.819999999999964,-0.362612370181,-0.268339005552,150.004825162,6.27583302246,0.0151183724092,0.0,-0.271180792865,-0.170070019052,28.1763456508,-0.00122039243205,0.00539874636312,0.0,899.999670834,899.999716549,900.000602885,899.999022345
5.879999999999963,-0.379152186353,-0.27867330454,151.695402522,6.27576015227,0.0154429575186,0.0,-0.280174692917,-0.174412945484,28.1762324822,-0.00120272513065,0.00543175687159,0.0,899.997036524,899.998261951,899.998930757,899.999674166
5.939999999999961,-0.396237374599,-0.289269454011,153.385972922,6.27568879435,0.0157703761762,0.0,-0.289360063734,-0.178798257052,28.1761135818,-0.00116245426087,0.0055073788027,0.0,899.996523159,899.999473668,899.997553381,899.999211756
5.99999999999996,-0.413879479424,-0.300129966957,155.076536002,6.2756188554,0.0161022327962,0.0,-0.298738965626,-0.183224895002,28.1759885064,-0.00117204078298,0.00557803859977,0.0,899.996615698,899.999363921,899.997911779,899.997550221
6.059999999999959,-0.432090189409,-0.311257308214,156.767091475,6.27554791052,0.0164366625882,0.0,-0.308313858419,-0.187692604409,28.1758598814,-0.00120317469951,0.00556540985664,0.0,899.997608996,899.996982975,899.999278638,899.998044706
6.1199999999999575,-0.450881291885,-0.322653964015,158.457639057,6.27547463077,0.0167713487941,0.0,-0.318085346598,-0.192202231832,28.1757254533,-0.00125766929488,0.00560348216227,0.0,899.996352566,899.99778005,899.999685458,899.9975062
6.179999999999956,-0.470264594871,-0.334322495563,160.148178466,6.27539871583,0.0171077223361,0.0,-0.328054038107,-0.196755388594,28.1755873485,-0.0012804152644,0.005611713001,0.0,899.997564325,899.997782627,899.998932282,899.998039934
6.239999999999955,-0.49025195191,-0.346265555049,161.83870942,6.27532189094,0.0174446478357,0.0,-0.338220514916,-0.201353263916,28.175443536,-0.00128041407904,0.00562284901349,0.0,899.998019357,899.998355168,899.998014132,899.998043463
6.299999999999954,-0.510855239907,-0.358485838487,163.529231683,6.2752454595,0.0177820705476,0.0,-0.348585107102,-0.205996170499,28.1752975148,-0.00126074489269,0.00562543775794,0.0,899.99802985,899.99801932,899.999107554,899.999933364
6.359999999999952,-0.532086345257,-0.370986035317,165.21974482,6.27517000399,0.0181194990927,0.0,-0.359147756431,-0.210683618794,28.1751394176,-0.00125128516611,0.00562055107502,0.0,899.997297199,899.996983886,899.998633089,899.999045019
6.419999999999951,-0.553957149778,-0.383768804192,166.910248269,6.27509536922,0.0184555204389,0.0,-0.369908324435,-0.215415179825,28.1749745177,-0.00122916938828,0.00555992871267,0.0,899.998533028,899.995962624,899.99825487,899.999179112
6.47999999999995,-0.576479488648,-0.396836774679,168.60074151,6.27502194809,0.0187882451891,0.0,-0.380865248852,-0.220190230948,28.1747991848,-0.00121271796635,0.0055163600721,0.0,899.997773203,899.9958945,899.997704374,899.99839874
6.5399999999999485,-0.599665086729,-0.410192537073,170.291223989,6.27494916686,0.0191192845597,0.0,-0.392016762266,-0.225008174782,28.1746157448,-0.00121362598157,0.00551924859437,0.0,899.997726475,899.997729952,899.996783307,899.996774315
6.599999999999947,-0.623525594407,-0.423838656726,171.98169513,6.27487617518,0.0194513633165,0.0,-0.403362279655,-0.229868820908,28.1744213157,-0.00122233381236,0.00556542732803,0.0,899.996114164,899.99787075,899.996420316,899.996095481
6.659999999999946,-0.648072680151,-0.437777702876,173.672154497,6.27480335761,0.0197850981841,0.0,-0.414902881901,-0.23477240838,28.1742231133,-0.00119621320374,0.0055558870502,0.0,899.997627043,899.997126319,899.996342104,899.997427885
6.719999999999945,-0.673318065841,-0.452012242891,175.362601813,6.27473190629,0.0201187054557,0.0,-0.426638901757,-0.239718490749,28.1740195072,-0.00118013989395,0.00556858935654,0.0,899.997093886,899.997494106,899.997406429,899.99808475
6.779999999999943,-0.699273476125,-0.466544804867,177.053036755,6.27466140652,0.0204524163968,0.0,-0.43857039553,-0.244706392639,28.1738105466,-0.00116470846954,0.00554836298571,0.0,899.998316664,899.997383122,899.997883931,899.998535899
6.839999999999942,-0.725950630424,-0.481377880493,178.74345884,6.27459202767,0.020785410314,0.0,-0.45069694148,-0.249735526876,28.1735909472,-0.0011395278461,0.00555297015437,0.0,899.997135667,899.997208183,899.997903081,899.998949511
6.899999999999941,-0.753361227746,-0.496513925173,180.433867716,6.27452442435,0.0211185077573,0.0,-0.463018500934,-0.254805219931,28.1733700155,-0.00110111826164,0.00554893133289,0.0,899.998064764,899.997787056,899.999433011,900.001014597
6.95999999999994,-0.781516958752,-0.511955335739,182.124262913,6.27445975304,0.0214502318553,0.0,-0.475534653713,-0.259914166612,28.1731350736,-0.00103136057846,0.00548830576168,0.0,899.998819383,899.996250106,899.998069287,900.000919492
7.019999999999938,-0.810429466492,-0.527704412955,183.814643802,6.27439885407,0.0217777299948,0.0,-0.488244035347,-0.265060432428,28.1728929769,-0.000982241701433,0.00539821909683,0.0,900.000106938,899.996345622,899.998735396,900.000748244
7.079999999999937,-0.84011026333,-0.543763333344,185.505009968,6.27434245063,0.0221010092305,0.0,-0.501143856632,-0.270241952657,28.1726442271,-0.000855806135066,0.00536751274726,0.0,899.999340066,899.997985113,899.998019167,900.003161927
7.139999999999936,-0.870570709516,-0.560134120729,187.195360957,6.274291687,0.0224233767627,0.0,-0.514232219899,-0.27545542919,28.1723870362,-0.000826572802542,0.00538335056934,0.0,899.999099843,899.999630367,900.000187928,900.00139153
7.1999999999999345,-0.90182210923,-0.576818612024,188.885696261,6.27424275702,0.0227468572624,0.0,-0.527509061505,-0.280698599224,28.1721213012,-0.00079335811566,0.00540732138707,0.0,900.000521524,900.001381133,899.999499272,900.000863441
7.259999999999933,-0.933875789495,-0.593818555347,190.576015223,6.27419652571,0.0230726885135,0.0,-0.540975071563,-0.285970299841,28.171842382,-0.000724879748525,0.005476886204,0.0,899.998745347,900.001450982,899.99921891,900.002010361
7.319999999999932,-0.966743149678,-0.611135610126,192.266317016,6.27415362418,0.0234026417406,0.0,-0.554632092478,-0.291268665669,28.1715490933,-0.000695320934555,0.00554385803771,0.0,899.998723351,900.001322749,899.999158519,900.000372328
7.379999999999931,-1.00043572084,-0.628771324722,193.956600658,6.27411311483,0.0237370052662,0.0,-0.568482479589,-0.296592121611,28.1712375238,-0.000634848171706,0.00563040610502,0.0,899.997815377,900.001206394,899.996680348,899.999145378
7.439999999999929,-1.03496519406,-0.64672716179,195.646865372,6.2740753785,0.0240754466291,0.0,-0.582529234184,-0.301939143845,28.1709180687,-0.000617120691721,0.00566125095818,0.0,899.998930464,900.000064111,899.998232837,899.99896547
7.499999999999928,-1.07034341114,-0.665004495411,197.337110584,6.27403809145,0.0244151902174,0.0,-0.596774080876,-0.307308615305,28.1705874195,-0.000630114196741,0.00566467773014,0.0,899.999508604,899.999531342,899.998624209,899.998112359
7.559999999999927,-1.10658227953,-0.683604672046,199.027335751,6.27400148146,0.0247558225922,0.0,-0.611217657167,-0.312700588701,28.1702497763,-0.000570293645508,0.00570225510061,0.0,899.99915551,900.000561211,899.9980226,900.000459723
7.6199999999999255,-1.14369374112,-0.702529016738,200.717540283,6.27396847571,0.0250984027723,0.0,-0.625860708356,-0.3181139141,28.1698995888,-0.000509723099794,0.00572449680138,0.0,899.999203629,899.999987616,899.997940079,900.000406203
7.679999999999924,-1.18168979918,-0.721778748861,202.407723516,6.27394056241,0.0254425241312,0.0,-0.640704334016,-0.323546466792,28.1695397715,-0.00037635009061,0.00575706860204,0.0,899.998725282,899.99992723,899.997342852,900.002755779
7.739999999999923,-1.22058251827,-0.741354921554,204.097884887,6.27392067333,0.0257880856926,0.0,-0.655749560948,-0.328994582291,28.1691707635,-0.000241887223228,0.00576394112553,0.0,899.999731147,899.999891766,899.997719515,900.003173489
7.799999999999922,-1.26038401037,-0.761258328068,205.788023636,6.27390868455,0.0261332434054,0.0,-0.670996775258,-0.334453582071,28.1687857814,-0.000115781086572,0.00572999055371,0.0,900.00029514,899.998802394,899.996976267,900.002088705
7.85999999999992,-1.30110638642,-0.781489488966,207.478139035,6.27390439529,0.0264753788093,0.0,-0.686445474405,-0.339919079583,28.1683923544,1.6969369502e-05,0.00564672336916,0.0,900.001854235,899.998364867,899.997368626,900.002747174
7.919999999999919,-1.34276167404,-0.802048661241,209.168230563,6.27390691128,0.0268130208795,0.0,-0.702093416906,-0.345386668668,28.1679900004,9.18240366543e-05,0.00558862307512,0.0,900.001926242,899.999457528,899.999076241,900.002107133
7.979999999999918,-1.38536174775,-0.822935861546,210.858297444,6.27391494984,0.0271468378371,0.0,-0.717938036436,-0.350852929081,28.1675708962,0.000218163147523,0.00551354753828,0.0,900.001928936,899.99877378,899.997108493,900.002222533
8.039999999999917,-1.42891834189,-0.844150910115,212.548338786,6.27392745369,0.0274755229053,0.0,-0.733977021677,-0.356314438771,28.1671387245,0.000188855007372,0.00540705352342,0.0,900.002342073,899.99791586,900.000180717,899.998988745
8.099999999999916,-1.47344302065,-0.865693473165,214.238353657,6.27393867736,0.0277986289065,0.0,-0.750207017381,-0.361770223714,28.1666886663,0.000183472735997,0.00534115041062,0.0,900.000365378,899.997584881,899.998945986,899.998723596
8.159999999999915,-1.51894716341,-0.887563231041,215.928341244,6.27394841091,0.0281176336373,0.0,-0.766625484557,-0.367221023214,28.166229182,0.000119690110524,0.00526788382963,0.0,900.001506791,899.998429265,899.999732905,899.99714567
8.219999999999914,-1.56544200956,-0.909759923897,217.618301019,6.27395460987,0.0284327234076,0.0,-0.783230116764,-0.372668384405,28.1657614575,7.05412641733e-05,0.00521869586831,0.0,900.001829963,899.999728872,899.999797697,899.997804563
8.279999999999912,-1.61293866121,-0.932283404385,219.308232229,6.27395800342,0.0287451503696,0.0,-0.800018780562,-0.378114204619,28.1652770757,2.85748888726e-05,0.005183942881,0.0,900.000641611,899.999125981,899.999237797,899.997536676
8.339999999999911,-1.66144812913,-0.955133632996,220.99813416,6.27395838593,0.0290561786063,0.0,-0.816990526952,-0.38356023648,28.1647853522,-3.80703216285e-05,0.00518352603109,0.0,900.001138094,900.001013617,900.000112406,899.997412884
8.39999999999991,-1.71098137577,-0.978310678804,222.688006025,6.27395419267,0.0293684159795,0.0,-0.834144819254,-0.389008491592,28.164274998,-0.000133610450624,0.00524479134705,0.0,899.998722829,900.001096338,900.000087186,899.996219107
8.459999999999908,-1.76154939907,-1.00181476481,224.377846923,6.2739433127,0.029685559611,0.0,-0.851483481621,-0.394462118832,28.1637530067,-0.00027696708188,0.00536748543442,0.0,899.997201522,900.002061657,900.001643555,899.995841348
8.519999999999907,-1.81316336771,-1.02564634088,226.067656274,6.27392447965,0.0300091725602,0.0,-0.86901028824,-0.399925544746,28.163223209,-0.000387835101864,0.00544563329634,0.0,899.998209974,900.001263909,900.002665952,899.998182748
8.579999999999906,-1.86583467852,-1.04980612887,227.757433492,6.27389765358,0.0303372521815,0.0,-0.886728644449,-0.405403151573,28.1626817768,-0.000565919886703,0.00551268349641,0.0,899.998368062,900.000971186,900.005083732,899.997881103
8.639999999999905,-1.91957490682,-1.07429513135,229.44717786,6.27386121491,0.030669656136,0.0,-0.904641260193,-0.410900237181,28.1621280614,-0.000690238489508,0.00559478247514,0.0,899.999267844,900.002479225,900.003860354,899.998839126
8.699999999999903,-1.97439578742,-1.09911467404,231.136888445,6.27381707659,0.0310071525711,0.0,-0.922750854604,-0.416421815458,28.1615557219,-0.000826610750947,0.00568519734689,0.0,899.99984231,900.003389023,900.002651216,899.997144695
8.759999999999902,-2.03030923408,-1.12426636356,232.826564061,6.27376389599,0.031349786836,0.0,-0.941060620666,-0.421972542845,28.1609624557,-0.0010060993142,0.00576127756719,0.0,899.998995499,900.001960122,900.003192535,899.995943066
8.8199999999999,-2.08732735933,-1.14975211641,234.516203724,6.27370121887,0.0316962353727,0.0,-0.959573865277,-0.427558131427,28.1603570949,-0.00112178334748,0.00579986295794,0.0,899.999844976,900.001289822,900.003139932,899.998478345
8.8799999999999,-2.14546243155,-1.17557417594,236.205806484,6.27363245603,0.0320444430047,0.0,-0.978292398376,-0.433183328925,28.1597323887,-0.00119462849986,0.00581065573879,0.0,900.000650485,900.000969124,900.001365758,899.998441563
8.939999999999898,-2.20472680255,-1.20173501777,237.895371231,6.27355994845,0.0323931197043,0.0,-0.997217242665,-0.438851228485,28.1590899325,-0.00123614109439,0.00581252364815,0.0,900.00056555,900.000522566,900.000831394,899.999177671
8.999999999999897,-2.26513286448,-1.22823726425,239.584896881,6.27348532409,0.0327414938774,0.0,-1.01634879373,-0.444563687924,28.1584291592,-0.00125894308449,0.00579365660631,0.0,900.001052329,900.000169593,900.000082293,899.999187199
9.059999999999896,-2.32669302181,-1.25508362453,241.274382426,6.27340946962,0.0330886384858,0.0,-1.03568702735,-0.450321806814,28.1577530325,-0.00127484138793,0.00576991025545,0.0,900.001740081,900.000660071,900.000025208,899.999410194
9.119999999999894,-2.38941965652,-1.28227685836,242.963826791,6.27333259094,0.0334338800355,0.0,-1.05523127618,-0.456126232067,28.1570565565,-0.00129425672326,0.00572223349791,0.0,900.001063145,899.999014416,900.000457118,899.999700031
9.179999999999893,-2.45332511263,-1.30981976699,244.653229089,6.27325507443,0.0337766004579,0.0,-1.07498088337,-0.461977716445,28.1563505521,-0.00128731151927,0.00569154335101,0.0,900.001778172,900.000418192,900.001491439,900.001802282
9.239999999999892,-2.51842167724,-1.33771518103,246.34258863,6.27317763743,0.0341180033203,0.0,-1.09493480354,-0.467876398739,28.1556312042,-0.00129722913775,0.00568705581819,0.0,900.001944792,900.001646491,900.002970008,900.00259782
9.29999999999989,-2.58472158986,-1.36596593237,248.031904263,6.27309941992,0.0344597063799,0.0,-1.11509254227,-0.473822361447,28.1548870932,-0.00131642255477,0.00571103884311,0.0,900.001246106,900.002100875,900.001672153,900.00092455
9.35999999999989,-2.65223710136,-1.39457487539,249.721174508,6.27301899277,0.034803575689,0.0,-1.13545497996,-0.479816273921,28.1541183583,-0.00138856428664,0.00577136318303,0.0,900.0004222,900.002748293,900.001012579,899.998121193
9.419999999999888,-2.72098056366,-1.42354493989,251.410398312,6.27293540197,0.035150709665,0.0,-1.15602457809,-0.485860068598,28.1533388115,-0.00140241488813,0.00581396135387,0.0,900.002903229,900.004510403,900.000211372,899.99968215
9.479999999999887,-2.79096445942,-1.45287916134,253.099574683,6.27285064641,0.0355002024662,0.0,-1.17680303223,-0.491954932988,28.1525372726,-0.00143295978333,0.00584671151652,0.0,900.002463112,900.00367073,900.000580039,899.999375066
9.539999999999885,-2.86220137735,-1.48258063042,254.788702471,6.27276419446,0.035851849142,0.0,-1.19779221697,-0.498101813891,28.1517192448,-0.00145668563349,0.0058888999083,0.0,900.002342372,900.003931652,900.001525833,900.00059768
9.599999999999884,-2.93470400541,-1.51265249606,256.477780485,6.27267598133,0.0362055534513,0.0,-1.21899362993,-0.504301629447,28.1508781775,-0.00149730347458,0.00590741453942,0.0,900.00291429,900.003544112,900.001066598,899.999454904
9.659999999999883,-3.00848511815,-1.54309796889,258.166807244,6.27258458486,0.0365605261474,0.0,-1.24040854458,-0.51055563574,28.1500108364,-0.00157527674694,0.00593380240394,0.0,900.001880175,900.002828528,900.000890255,899.997766694
9.719999999999882,-3.08355757241,-1.57392036621,259.855781432,6.2724886625,0.0369175730343,0.0,-1.26203856688,-0.516866176774,28.1491256809,-0.00164561441156,0.00598472271398,0.0,900.001198491,900.003139901,900.001702673,899.998890035
9.77999999999988,-3.1599343213,-1.60512315611,261.544701782,6.27238863005,0.0372772110426,0.0,-1.28388534358,-0.523235750646,28.1482162085,-0.00171043636694,0.00601245117681,0.0,900.000991601,900.001992923,900.001238499,899.998650758
9.839999999999879,-3.23762842822,-1.6367099536,263.233566946,6.27228405357,0.0376367558427,0.0,-1.3059506395,-0.529666795521,28.1472860901,-0.00180804234655,0.0059523018675,0.0,900.002640828,900.000082819,900.002190312,899.998276348
9.899999999999878,-3.31665299478,-1.66868452984,264.922375481,6.27217444265,0.0379926054508,0.0,-1.3282337722,-0.536162180541,28.1463286743,-0.00186449430602,0.00588783597521,0.0,900.0019589,899.999227106,900.000255041,899.998009773
9.959999999999877,-3.39702104833,-1.70105082698,266.611125872,6.27206220811,0.0383450925115,0.0,-1.35073331782,-0.542724423047,28.1453479752,-0.00188274318406,0.00584866460312,0.0,900.000829916,899.9991236,899.999299689,899.998602726
10.019999999999875,-3.47874554125,-1.73381289742,268.299816812,6.27194920276,0.0386953457509,0.0,-1.37344830918,-0.549354712473,28.1443469222,-0.00188478168534,0.00581532034639,0.0,900.000497676,899.99902802,899.999303222,899.999263115
